initial: 6
3.36595e-107	1	3.408e-31	1.91315e-31	1.06651e-238	8.02434e-234	

transition: 6
0.0407825	0.341831	0.737211	0.596017	1.27573e-05	1.18116e-05	
0.0155175	0.179905	0.0218768	0.0119788	0.0785623	0.00391261	
0.332364	0.0351461	0.151169	0.305473	0.0326146	0.0030067	
0.218018	0.163188	0.00207772	0.0224154	0.269712	0.252124	
3.52101e-09	0.0958069	6.01678e-09	0.0639014	0.619098	0.153105	
0.393318	0.184123	0.087666	0.000215074	1.47671e-09	0.58784	

observation: 6
0.316271	0.762193	0.478784	0.483497	0.064418	0.121955	
0.431224	0.0570396	0.0759827	8.97949e-05	0.127172	0.110114	
0.148076	0.169208	0.0230164	0.00677755	0.282252	0.719745	
0.10443	0.0115593	0.422217	0.507967	0.25519	0.0480861	
2.16493e-16	5.54003e-27	1.50545e-23	0.00166917	0.0568708	9.93072e-05	
5.78157e-54	1.8766e-51	1.11864e-39	1.47173e-30	0.214097	1.03812e-43	
