initial: 6
1.63084e-127	4.42507e-39	6.69299e-64	1	0	1.53401e-239	

transition: 6
0.225537	0.457238	0.00567584	0.0390501	0.109821	1.3263e-17	
0.0183924	0.183298	0.240134	0.183202	0.703429	8.6565e-25	
0.0680843	0.278907	0.374293	0.543308	1.11424e-11	2.98657e-11	
0.00465408	0.0253584	4.72509e-05	0.112964	0.186353	7.46426e-20	
0.160052	0.000740071	0.326556	0.121145	9.40536e-17	0.551375	
0.52328	0.0544582	0.0532938	0.000331124	0.000395993	0.448625	

observation: 6
0.0959897	2.17966e-08	0.277814	0.0950715	0.111056	0.311076	
0.0979708	0.04379	0.36635	0.221633	0.108312	0.000604948	
0.292549	0.443579	0.214335	0.328626	2.04491e-08	0.316089	
0.409621	0.501578	0.137876	0.35467	3.61558e-19	7.15468e-08	
0.103868	0.0110525	0.00362523	6.18886e-21	0.780632	0.000307258	
1.17308e-06	1.28534e-43	3.21403e-33	3.4083e-58	1.81699e-61	0.371923	
