initial: 6
1.21416e-117	1	3.67152e-30	2.39003e-31	5.00201e-264	2.09018e-253	

transition: 6
0.0446093	0.345868	0.752154	0.598249	6.91124e-06	5.69874e-06	
0.0097651	0.181267	0.0132414	0.00795935	0.0700198	0.00229338	
0.34387	0.0271368	0.147037	0.305347	0.030062	0.00227955	
0.208657	0.16096	0.00166046	0.0216328	0.281188	0.25432	
4.32109e-10	0.106724	6.43024e-10	0.0666719	0.618723	0.152087	
0.393099	0.178043	0.0859071	0.000140338	3.17984e-10	0.589014	

observation: 6
0.320264	0.761583	0.481611	0.487236	0.0642395	0.123073	
0.426885	0.0568377	0.0730307	6.42392e-05	0.128068	0.110384	
0.147884	0.170076	0.0239242	0.00588482	0.284542	0.718962	
0.104967	0.0115036	0.421434	0.505108	0.252425	0.0475279	
3.19877e-18	1.78535e-30	3.12854e-26	0.00170713	0.0568448	5.31399e-05	
8.7938e-59	9.171e-57	2.47921e-43	4.58436e-33	0.21388	2.45381e-48	
