initial: 6
5.69727e-42	0	0	4.94792e-167	3.69109e-125	1	

transition: 6
0.13173	0.759403	0.255652	3.3307e-05	0.00600933	1.73895e-07	
0.380353	0.229699	0.591294	0.71075	0.244634	0.144505	
0.0806312	0.00979896	0.00668103	0.0664666	0.0530421	0.118285	
8.25102e-06	0.000970668	4.10469e-05	3.06604e-06	0.0646651	0.000492319	
1.61148e-09	0.000103549	0.146332	0.222746	0.631629	0.161563	
0.407277	2.39225e-05	6.03126e-10	9.5531e-07	2.04414e-05	0.575155	

observation: 6
0.367105	0.563564	0.272476	0.120296	0.0766305	0.151824	
0.36129	0.00801265	0.0431442	0.146576	0.113774	0.115018	
0.216594	0.0480766	0.0572506	0.325628	0.23568	0.211796	
0.0550109	0.380347	0.609277	0.327632	0.222284	0.116746	
1.81338e-13	2.3402e-13	0.0178527	0.0797686	0.0583293	0.404615	
4.23637e-54	1.68571e-36	3.45637e-35	9.92748e-05	0.293303	8.24001e-41	
