initial: 6
9.89317e-44	2.04183e-19	1.06545e-26	1	9.78349e-180	7.06047e-70	

transition: 6
0.109036	0.530796	0.0128044	0.0633701	0.0577429	1.44425e-07	
0.0126262	0.216755	0.250711	0.115737	0.471271	2.19594e-10	
0.0577298	0.113244	0.39561	0.54715	9.31303e-06	7.40162e-06	
0.00919143	0.0371309	0.00755522	0.17691	0.46961	3.70805e-09	
0.203116	0.00666757	0.305781	0.0761372	5.36421e-10	0.553694	
0.6083	0.0954069	0.027539	0.0206959	0.00136651	0.446298	

observation: 6
0.12012	0.000207861	0.270536	0.0574417	0.111198	0.311022	
0.11372	0.0175704	0.366041	0.162105	0.10882	0.00459336	
0.275518	0.442951	0.218989	0.365046	0.000126897	0.314939	
0.388518	0.506501	0.139271	0.415407	9.28358e-09	7.58953e-05	
0.0974829	0.0327695	0.0051628	1.68866e-08	0.779856	0.000178928	
0.00464041	7.16609e-18	9.35106e-18	1.79784e-24	3.59894e-24	0.369191	
