initial: 6
1.62612e-101	1	4.50345e-17	1.55749e-193	4.34731e-234	5.70739e-221	

transition: 6
0.135224	0.421636	0.575199	0.0355083	0.00184877	1.12753e-08	
0.00181025	0.149696	0.165491	0.00304247	0.0236896	4.13599e-06	
0.517303	0.107223	0.24466	0.434136	0.333159	0.154711	
0.000508755	0.215223	0.001216	0.000323485	0.00080098	0.29353	
0.00329615	4.52029e-06	0.0134341	0.525598	0.640471	0.0287988	
0.341858	0.106216	1.20743e-07	0.00139144	3.0335e-05	0.522956	

observation: 6
0.308312	0.58096	0.529362	0.119889	0.0837434	0.137577	
0.392591	0.0558124	0.00832771	0.0650562	0.131995	0.121307	
0.210628	0.283897	0.0218828	0.246751	0.240082	0.204306	
0.0884683	0.0109492	0.440428	0.402837	0.220641	0.00554858	
1.42838e-12	0.068381	2.27051e-11	0.165466	0.0552413	0.531262	
5.76858e-50	2.5514e-50	1.37989e-28	1.68976e-25	0.268298	3.73619e-26	
