initial: 6
1.47032e-54	1	4.23524e-21	4.37803e-114	3.17775e-142	7.44147e-137	

transition: 6
0.123557	0.39135	0.551109	0.0267393	0.00361629	6.6557e-06	
0.0184657	0.166935	0.211797	0.0128568	0.063152	0.000682972	
0.505545	0.12006	0.224392	0.452328	0.293381	0.17707	
0.00221811	0.19257	0.0044926	0.00404262	0.0114783	0.220458	
0.000687365	0.000340859	0.00820519	0.503153	0.628264	0.0627379	
0.349527	0.128744	3.2799e-06	0.000880436	0.000108629	0.539044	

observation: 6
0.300341	0.580695	0.529241	0.129635	0.0802999	0.131376	
0.406558	0.0596559	0.00747213	0.0734567	0.129996	0.119377	
0.205588	0.287868	0.00441215	0.27457	0.234418	0.205976	
0.0875132	0.0115204	0.458875	0.4535	0.228754	0.00960347	
2.34692e-08	0.060261	1.03603e-07	0.0688381	0.0523416	0.533667	
1.35432e-31	1.39747e-29	9.55832e-19	7.24256e-15	0.27419	3.79436e-18	
