initial: 6
1.71345e-35	0	2.29053e-290	1.13836e-128	5.25415e-101	1	

transition: 6
0.128686	0.760265	0.23597	0.00030481	0.00643428	1.81998e-06	
0.379309	0.226765	0.607927	0.689989	0.241729	0.147205	
0.0830658	0.0107631	0.0136881	0.0877257	0.0665933	0.114386	
4.92071e-05	0.00185403	0.000181055	3.67454e-05	0.0517635	0.00115036	
3.73721e-08	0.000248781	0.142234	0.22192	0.633419	0.162219	
0.40889	0.000104066	5.26523e-08	2.31767e-05	6.09744e-05	0.575037	

observation: 6
0.367569	0.563693	0.271439	0.102909	0.076348	0.151852	
0.36191	0.008525	0.0484927	0.150741	0.113581	0.114589	
0.217018	0.0477312	0.0656308	0.345411	0.236169	0.210829	
0.053503	0.380051	0.599726	0.322092	0.221559	0.117773	
3.85519e-11	2.02458e-11	0.0147115	0.0788469	0.0599413	0.404957	
1.40726e-44	7.80685e-31	6.52873e-29	6.05345e-07	0.292402	1.58836e-33	
